517 Linde lnd 43243 30
0 2017-03-31 156 157 155.5 156.1 535800 156.1
1 2017-03-30 156.5 157.2 156.15 156.4 583200 156.4
2 2017-03-29 157.1 159.55 154.7 156.25 791400 156.25
3 2017-03-28 154 156.95 153.7 156.8 577800 156.8
4 2017-03-27 152.2 153.8 151.7 153.8 468700 153.8
5 2017-03-24 152.75 154.3 152.1 154.05 384500 154.05
6 2017-03-23 150.55 153.35 150.1 153 349900 153
7 2017-03-22 152.25 152.3 150.3 150.3 486300 150.3
8 2017-03-21 154.15 154.4 153.05 153.15 417300 153.15
9 2017-03-20 153.5 154.55 153.3 153.6 240200 153.6
10 2017-03-17 151.65 154.65 151.45 154.45 994200 154.45
11 2017-03-16 154.5 154.6 151.5 151.75 560200 151.75
12 2017-03-15 153.4 154.5 152.85 153 391100 153
13 2017-03-14 151.3 153.5 150.7 153.15 430900 153.15
14 2017-03-13 151.85 153.25 151.25 151.25 389700 151.25
15 2017-03-10 153.35 153.5 150.6 152 557700 152
16 2017-03-09 152.6 154.8 150.65 153.05 730800 153.05
17 2017-03-08 150.65 153 150 152.3 512500 152.3
18 2017-03-07 150.65 151.6 150.5 151.3 395800 151.3
19 2017-03-06 151 151.4 149.9 150.55 498000 150.55
20 2017-03-03 152.9 153.35 150.8 151.85 856100 151.85
21 2017-03-02 155.45 155.85 153.65 154.35 439500 154.35
22 2017-03-01 154.15 156.15 154.15 156.15 395600 156.15
23 2017-02-28 152.95 153.65 152 153.35 297800 153.35
24 2017-02-27 152.8 154.45 152.1 153.35 283000 153.35
25 2017-02-24 152.3 153.05 150.55 152.45 460400 152.45
26 2017-02-23 154.1 154.9 152.8 152.8 361900 152.8
27 2017-02-22 155 155.15 153.6 153.9 358600 153.9
28 2017-02-21 154.2 154.9 152.85 154.5 322400 154.5
29 2017-02-20 152.5 154.05 152.15 153.85 244300 153.85
eof 
