1120 Testy TST 12345 21
0 2016-05-02 50 50.75 49.78 50.61 33114500 49.313
1 2016-04-29 49.35 50.25 49.35 49.87 48411700 48.592
2 2016-04-28 50.62 50.77 49.56 49.9 43134800 48.6212
3 2016-04-27 51.48 51.5 50.55 50.94 43369300 49.6346
4 2016-04-26 52.26 52.35 51.09 51.44 33532600 50.1218
5 2016-04-25 51.78 52.13 51.63 52.11 33226900 50.7746
6 2016-04-22 51.91 52.43 50.77 51.78 126834100 50.4531
7 2016-04-21 55.8 56.23 55.42 55.78 38909100 54.3506
8 2016-04-20 56.29 56.5 55.49 55.59 36195700 54.1654
9 2016-04-19 56.63 56.77 55.68 56.39 29596800 54.9449
10 2016-04-18 55.49 56.59 55.21 56.46 23150300 55.0131
11 2016-04-15 55.3 55.92 55.11 55.65 28793800 54.2239
12 2016-04-14 55.22 55.58 55.07 55.36 20877100 53.9413
13 2016-04-13 55.12 55.44 54.89 55.35 20818000 53.9316
14 2016-04-12 54.37 54.78 53.76 54.65 24944300 53.2495
15 2016-04-11 54.49 55.15 54.3 54.31 21414200 52.9182
16 2016-04-08 54.67 55.28 54.32 54.42 22167200 53.0254
17 2016-04-07 54.87 54.91 54.23 54.46 19225100 53.0644
18 2016-04-06 54.36 55.2 54.21 55.12 21188700 53.7075
19 2016-04-05 55.19 55.3 54.46 54.56 19272300 53.1618
20 2016-04-04 55.43 55.66 55 55.43 18928800 54.0095
1342 Test TS 54321 0
eof 
